stop_id
98304
65545
65555
163860
131095
65561
65564
98333
65572
131109
32806
163881
163884
65582
185693
131121
98356
163849
163896
163900
98367
131140
163911
98376
98379
98380
98381
98383
131152
163923
163929
65630
131167
65635
163943
131184
98421
131190
98423
163963
163968
131204
163974
32904
65676
32933
32940
65712
54643
131265
164035
65754
98523
163877
164064
65762
65771
98554
98575
131346
164118
65815
98587
164127
16433
164144
65588
131389
65865
98635
65870
131414
164186
98658
98660
98661
147516
120210
65907
65599
65923
131467
98705
98708
54681
65950
131487
131502
131503
98736
65969
65971
98740
164294
131527
65997
103843
92921
131545
131549
66014
66021
131558
185767
131583
131584
98822
98831
98833
33299
131616
66100
32863
98878
98882
131651
98890
98891
98894
98899
66135
98907
125713
131692
131697
98934
164476
131711
98945
66179
164489
98956
164495
164505
164512
131746
66211
98980
131750
164521
98991
164533
66235
164542
66240
66245
164550
66252
66254
164561
99027
66263
164572
66270
66275
66277
66278
164583
164584
66286
164594
66294
164599
54740
66303
66305
66311
99082
66315
66318
33555
66324
164631
66342
164649
66346
66358
66360
66367
99140
66374
66375
131913
66381
66388
82062
147599
66397
66405
99175
66412
66423
66436
99205
99223
66460
66461
87538
66484
66493
99263
66497
99267
99271
99272
66507
99277
164815
99282
99287
66523
22010
99302
99303
132078
99316
66550
164857
66561
99332
71169
99342
71171
164896
99361
33826
99372
99377
66610
99384
66617
66625
33863
66635
33885
164959
99425
66670
136723
60265
33913
99454
66688
99459
33927
99469
99472
33943
33944
33951
33952
33961
33974
132286
33984
99521
165065
99534
34005
165087
99556
66789
99572
132345
34063
66835
99604
165143
99611
165148
99618
99630
165176
66895
165204
66909
66921
99691
132466
99702
66950
99721
27544
198040
99737
66970
66971
99743
158619
34216
99763
67011
67016
165322
132555
67023
34261
67033
99807
34275
34278
34281
67054
132593
165369
104022
67085
67086
165391
34321
34323
99869
99880
67118
104030
125876
60341
99906
147723
99908
67143
165449
67164
34400
99937
67171
99943
87655
165484
67183
67193
67211
67223
60357
67240
67246
100018
100019
165556
165559
34489
100027
67268
100037
67271
67276
67284
165591
34520
100057
67296
100071
132841
100080
100083
34548
165629
67326
100095
165633
100109
100110
67343
100120
132895
100148
67399
100189
67423
165730
67435
132975
125928
132979
100212
100214
104812
132988
165809
93171
100280
67533
133082
34795
67568
67581
165888
142336
100354
165892
67592
87724
67597
165915
198695
67624
100395
34861
67641
67643
34876
100414
100415
198727
100427
198744
100442
67675
34908
100474
67709
67712
100481
67714
67729
100507
198827
198828
198829
198830
100536
133306
198846
100555
67791
67794
133335
67809
100579
198891
198892
100589
198895
67828
198901
198903
198906
198907
166142
198911
198917
198918
198919
198920
133385
67851
198925
198927
198928
67858
100628
198934
133401
166170
198940
100637
133406
198944
166178
198947
100644
198950
198951
166185
100650
166191
198961
100658
198967
133432
198969
198970
198971
166204
198973
198977
198978
198979
133444
198981
100678
198984
198985
133450
198987
198988
198990
166224
198994
198997
199003
199006
199010
166243
67940
35177
67947
199031
35194
199037
199038
67983
100759
67997
100770
199078
199079
68009
35242
68014
60488
35251
199093
68023
68025
199098
199099
199101
199109
199110
199112
133578
22263
68044
68046
68051
68053
199131
199132
68061
100833
68069
199142
35309
199150
199151
199152
199153
199155
100853
68087
166396
55041
164846
100874
35339
100879
68112
68115
82350
100888
104196
100890
100894
166432
68135
199209
100909
68142
199215
68144
199218
68148
199221
199222
166455
199225
199226
68156
100926
68159
68160
100929
68163
68164
158817
68168
133707
68172
68175
68202
166514
68214
68216
55060
147904
100996
68231
101006
68258
101028
199340
199341
199342
166576
199347
186142
68280
199356
199373
199374
101071
68306
199380
199381
68311
199386
101087
101092
199398
68337
199412
199415
166654
199425
101126
101130
101132
186157
186158
68376
101150
199458
199464
68401
35642
87386
101181
68422
199495
199497
68429
199502
199506
199507
68442
101211
101214
166752
133986
199534
55101
101235
35701
166783
68484
68487
101262
199572
101272
101277
68515
101285
101288
199602
101301
68536
68538
199612
166855
199633
68564
199639
199642
199644
199646
134116
68585
101363
166902
101368
98816
101382
68627
101399
199707
35869
35871
126809
199715
199719
199720
101422
101425
199733
68662
35899
35906
68675
68689
35925
101474
167013
68711
35958
68728
68738
101515
101516
101517
35983
68752
109764
82458
36002
101541
36008
167086
101553
68788
101561
68806
101577
36045
162599
68827
101607
101608
68850
68854
36088
167180
167182
101649
134420
101655
68888
167207
11484
101678
101681
68919
68921
167236
148022
68935
167246
68950
167257
68957
36193
68962
131643
68966
101735
167286
101754
167291
169877
167309
167312
69010
101780
69013
69014
167325
167331
69029
69030
36265
69038
101807
167345
69055
36288
69073
101852
101854
167392
101862
69098
167406
101871
101875
126207
167420
101885
101887
167426
101893
69126
69127
69128
167435
101900
101903
69141
167453
101921
69154
69155
69156
69157
101926
69162
101931
69165
167477
69176
69177
101950
167487
69193
101967
158990
36440
167516
167525
69225
153536
102026
134800
16491
134804
36503
36514
69284
167593
167594
69291
102061
102067
167604
167609
69316
164470
167622
167625
167636
36565
69335
69340
69342
102115
69350
167655
102124
167668
167673
102148
167687
69384
102160
69394
167701
167704
102170
167708
69405
49797
69413
102185
102191
167729
69426
69433
120154
167746
69445
167752
69450
167756
167762
167764
69466
69470
167783
69483
69486
69494
167804
102270
69508
102282
69519
69532
167840
69538
69542
102312
102313
69546
69548
69555
69556
102326
135096
69563
69571
69573
135113
36810
69583
167889
69586
36821
69590
186361
102364
69597
149620
36840
69609
69610
102379
102380
36846
69620
115369
102392
69626
69630
102399
36868
69640
167961
69659
69676
167984
69682
69684
135227
168005
69708
168015
168022
36951
168024
36953
69727
69729
168037
135278
36976
36977
102529
69774
168080
69781
37020
168094
102566
102567
168108
102576
37044
69815
69824
168134
37075
69853
168160
37090
69860
135411
37109
69879
37115
69885
69886
69887
168193
69892
135431
168202
168211
168212
186414
87436
69917
168228
69931
69934
168243
164574
135481
102715
102717
168261
168263
69966
33507
102744
69977
102746
69979
69988
102760
37234
70009
70012
70018
159126
70029
37263
70039
70045
88134
70056
70057
168367
102837
120905
148212
135610
70075
71754
37312
135619
102856
70095
71758
168421
88145
135660
102896
70129
135668
135675
168449
102935
28079
135713
168483
37420
70189
175540
70205
70211
37448
102985
70222
77240
70230
103003
70237
70262
103033
168570
135803
168575
70274
103044
70277
70280
70289
71791
103077
43804
11719
135861
70336
37600
168673
168679
103145
70382
168688
168695
103167
103178
168715
168725
37659
103198
168738
70436
70438
70439
37679
72178
168764
70462
70464
70465
99126
70472
70475
164664
70495
70498
103289
70523
70530
37765
103304
37774
103316
136091
70574
70577
168889
103375
136164
37864
70648
186538
70658
70662
37895
136200
136202
70669
5135
168980
103464
70699
103469
103471
169018
103483
70722
136259
103493
70726
70728
70733
70734
103506
169054
103524
93714
103541
169081
70779
136319
103556
103562
5259
103564
103572
70806
70809
103584
169121
5282
70819
103599
136381
70849
103618
70853
38086
103623
33655
70868
70869
70889
103659
38129
70910
70911
103685
136460
169230
38159
103700
19820
70944
169253
159281
70954
103740
70981
169291
38229
169310
71007
71009
103778
71019
71021
71027
71031
71036
71044
169350
169353
71054
169368
71065
71074
71075
169382
38312
71082
71084
71092
169398
103866
71108
71111
71113
71129
71136
136673
103906
136677
169449
104701
136688
136702
103937
38377
136710
71187
71192
71197
71200
136740
136745
136749
103982
103984
136759
103992
103994
136764
136769
104004
104007
104014
71247
136785
71251
71253
169558
71260
136798
104036
104037
126567
104057
136827
71294
104065
104072
104079
104728
159342
71318
71333
71344
104114
136883
136892
71359
71361
104135
104139
38604
71385
104157
38622
39205
71395
71404
38638
136946
63481
71414
38649
38651
71422
104195
38660
38662
71442
38676
71445
71447
71452
104226
136998
71463
38698
104241
93833
169785
71488
104262
71503
71513
137066
104300
71536
71540
71548
104320
104326
71571
71572
66542
19462
71584
169894
104359
169897
71602
71603
71611
159392
71629
104407
137176
104419
71655
137198
38896
104440
137210
71676
71682
71684
71688
104497
104509
71742
6218
104525
6222
104527
104528
137300
137306
88421
137312
71783
104807
170095
104564
71797
71799
71801
71803
71808
71810
71814
71817
71818
71820
71824
104593
71842
170151
170157
39088
6321
104628
104634
104637
170175
88438
71879
170189
71888
71889
170194
71900
170210
137443
104684
104686
71919
104691
104699
71933
137477
104712
71952
71953
170258
71960
137497
104838
71985
39219
71993
104765
104769
104776
72012
72019
137557
39258
148538
39269
104806
72039
170348
104816
104821
39290
104830
104832
72070
104839
104847
72086
72087
104860
72101
72110
72113
104883
41682
72123
72125
72130
72134
137680
72146
39390
104931
6629
6634
6636
72177
137714
72179
72184
104955
104962
71145
170500
104970
72205
72208
72209
104988
72222
72223
6691
104997
72231
137772
72240
126728
72242
105011
137782
72250
105019
105026
105028
72263
104888
105046
105048
105049
105056
72290
105063
39544
72313
72322
17515
6789
6790
72344
6812
6818
6820
39589
39599
105142
72379
72380
148600
137941
137943
170712
170717
72418
72432
72438
170743
137979
105215
6912
137989
105233
138004
72473
170791
138032
170801
39741
105299
138071
72165
170853
72551
138088
72555
138096
138104
138107
72170
143168
105346
138115
28482
138129
39830
72601
7069
105375
72609
105380
72613
138151
72617
7082
138156
72621
149721
138178
105414
39882
84254
105435
105439
105440
105445
72686
138226
105467
105473
39942
138250
72195
39959
105496
72729
138270
72737
72748
72764
40028
7263
138341
104977
138345
40042
149727
105585
138354
138358
72825
50367
148672
138381
105614
105626
105628
138397
138398
105633
105641
72875
138423
105656
72899
105669
138439
105679
105686
138457
105690
72929
150822
7401
105708
171247
72951
105725
105730
105738
70080
72983
72986
72995
72997
105766
72999
171317
73015
73017
73021
73026
105803
105812
138586
138598
73066
105843
138615
73084
73098
105873
105874
105878
73113
83183
73116
40352
73124
73128
73132
73135
105905
73141
73147
105918
148725
105920
73155
73157
73160
73163
73169
138710
73191
40424
73195
171504
138742
73207
171512
40441
105987
6742
105990
105991
73224
105996
73238
73243
73250
73253
73256
154204
73260
40500
73276
40511
73283
39522
40526
138839
73304
121444
40539
40549
138855
40554
106091
40557
138862
40566
73342
40575
121451
40580
73349
138886
171656
73354
106124
106128
40598
106141
61365
106171
106175
106177
106185
106187
171726
73423
17699
106198
106208
106212
7941
106246
40711
73482
106252
106253
73488
73494
73502
171813
106283
139054
106296
106302
171845
73542
73556
73564
73590
106366
139137
79921
73607
73618
73624
73628
106406
8112
171953
73669
106440
73676
139233
40947
106489
106491
172044
73750
139315
106557
106559
172104
148834
106574
172122
73823
73824
8293
73833
73836
8320
73865
41099
73881
148847
8359
8361
106680
106684
172226
73934
172239
172245
73957
73959
139512
41213
73995
106794
74030
74040
139579
74044
106825
137954
41294
139602
83343
139619
74084
74103
8571
106877
139662
139666
74136
99739
74149
172456
8617
8623
8627
74174
139734
74199
120313
106983
74221
74223
74226
74228
107009
74270
107039
74276
41512
41513
139827
139847
74313
107092
41557
41559
143460
41562
41563
74332
107104
74340
74344
74350
41586
172659
74360
74361
107130
74364
41597
74367
8838
74375
74377
107147
74381
41617
74387
74389
74390
8856
107161
74398
74400
41635
107172
107178
74414
74418
107187
107188
74421
172726
41656
107193
172731
41661
107198
74438
139976
139977
107212
74450
172756
74456
107230
74463
41702
74471
74473
74474
138023
74481
41716
140025
74506
41739
74509
140046
140048
41746
83417
140058
172836
74535
74539
74542
9011
41781
74556
172864
41797
116193
107343
74578
74582
74588
74596
107368
107377
41850
107387
74633
41866
140173
74638
41871
140181
41889
74661
9127
140201
9130
9135
140209
9139
74683
74688
74694
74695
107466
107467
107472
149790
140247
74714
74717
74735
173077
56153
107544
99845
74793
74805
74810
173127
74830
9301
107608
140382
74847
107616
140385
140386
74854
74855
9322
107629
140405
42106
74880
107651
74885
140437
42134
140447
74917
42153
74922
42159
107699
74954
74960
74991
74997
75003
42243
75014
149037
75024
75025
75031
75036
75040
140585
107819
75052
107823
173362
107831
75075
42310
42316
75088
140628
140631
61668
42332
140641
107874
9580
75122
107891
107894
42363
75135
42371
140686
42388
75157
107929
9626
173472
9635
42406
75175
107947
42413
75188
42424
140734
75200
42436
75208
107980
173521
42453
75236
75237
108012
173573
75290
9758
140833
75309
75313
140854
75324
75336
149090
9808
9817
75354
140891
9823
42599
42601
140912
140932
108166
108167
108169
105410
140942
108176
75410
108182
75423
75432
108201
75443
116340
42683
75452
7114
108232
87621
108239
42713
75484
42719
108259
75493
9967
108285
75518
75542
10007
108312
75547
75551
108320
108322
42794
75563
42798
108335
75568
75586
75587
10055
10059
141132
141145
75610
75611
10078
75630
108404
108405
75646
75647
141185
141186
75656
34455
75662
108442
75675
108444
108445
108449
75686
174000
141235
75703
75706
75710
141261
108505
108511
141280
108514
42981
108518
108535
75771
75777
43012
108551
75786
75787
174104
43040
10281
10290
10294
75839
43077
10310
10312
75861
108633
108635
108644
43109
141425
174201
149184
108679
43144
75918
141456
108700
174241
141474
75941
43179
43181
75959
78196
108733
108755
10470
108780
141552
43249
108788
43254
43264
108803
108806
76039
43282
141591
43290
76064
76066
141611
10541
76079
76085
108856
141629
108862
76095
43330
10569
108877
43342
76117
108887
82187
141657
78223
10595
10597
10612
108917
43382
43391
10637
43419
108958
76199
76201
108971
76204
108998
141767
141775
141785
141786
109021
76258
174563
109040
109045
141816
109049
76282
43522
141831
109064
76300
76333
34333
10803
141890
141892
76363
109134
76367
76379
76388
76403
141948
141949
109183
45504
43653
109190
76430
43672
43691
142000
43700
109237
142013
43710
142028
109262
43732
43737
142043
43746
174820
45524
76538
142077
109319
76553
109322
43799
142108
43809
43813
43819
43825
43830
174914
76612
43848
76624
43857
43867
142173
76643
76671
43906
76677
109449
149315
142233
165703
142252
109509
76742
109512
109515
76777
142315
109553
142326
109559
142331
76796
109567
76800
76804
76806
76812
76815
76819
76820
109589
76826
109596
44062
76833
76843
76846
87667
89268
76863
109637
76870
44107
109648
76888
109662
64670
142445
142448
76913
109682
76934
44169
109708
76941
142480
142484
76958
142496
109729
109731
142500
175269
109738
109741
76978
175297
11460
11466
142540
77011
11476
109785
77020
142560
142562
142589
51073
77087
77100
44341
77110
44346
109891
77127
109899
44364
142672
171235
109931
18322
109937
142717
77182
109955
142725
44425
77196
44432
77212
109981
44448
44458
44467
142772
44472
142778
44476
110013
44486
142791
142792
142801
77266
110035
110036
44511
149414
77289
77294
142832
142833
44531
77300
110069
175613
110080
149419
142852
110090
44562
11795
149422
175640
110111
44591
77379
175694
77404
11889
110199
142972
142973
77446
77448
110228
77468
44706
77477
110252
44731
175816
110281
44748
110287
110298
110306
110308
77550
44783
143094
143098
44805
143115
110367
12066
77617
77630
77631
77632
77643
175954
175959
110428
44893
143218
77685
143222
110460
143235
110471
143253
77720
77729
143276
77744
176051
77749
77753
77754
77757
169532
143298
77770
77778
77782
77798
176104
110580
110590
110595
77834
12302
110614
105818
51206
110630
77874
12339
77876
77879
110649
77886
77888
110659
114980
77896
45131
110671
77917
110688
45156
110693
143462
110695
110698
110699
110702
77939
77942
105834
110720
110725
110727
77976
77978
12445
67611
77992
73075
78027
45265
78034
78039
176345
110810
12523
45295
110844
78078
45313
143623
110856
110866
78104
78114
45357
78137
78149
78150
143688
110926
110930
78166
143719
78187
78189
110958
110960
110961
45426
110964
143738
110971
143740
78213
78216
78218
110988
143759
110993
111010
111019
111020
78257
71444
111032
143801
111040
143811
111047
111054
143828
111071
78317
111093
78326
78327
45560
45563
78332
111108
78342
105175
111122
116826
111143
143912
78383
111176
176713
78411
78423
111193
111197
111199
78432
176737
111205
86629
111216
111225
111239
144011
12942
78479
45733
78504
78506
143370
111285
111289
111291
111295
111304
176850
176851
144087
45786
56785
111337
78585
176895
78593
144137
13068
111374
78610
176922
111388
78624
111407
45876
78646
111419
78662
176980
78691
78696
144234
78703
144241
111483
78716
111485
111490
144261
111503
78737
111513
111525
78770
78777
78779
13246
46018
78796
46032
73208
46043
78820
78824
78833
46070
111616
78849
100523
46084
78855
46091
111630
46102
78871
46106
13346
78884
144433
46132
144438
111671
144444
13376
78913
111690
78924
46163
144470
111704
111706
144478
144488
144503
144509
111754
78988
144529
46226
111764
177303
46236
46242
177318
79017
46251
79024
111794
111795
79028
111803
111810
79043
46281
144599
79065
166095
79072
111847
111853
79091
79092
144629
111863
144635
111880
111890
51417
111910
46387
84191
144720
79188
111962
13675
144755
144756
112002
144771
46469
79245
79249
89667
50649
79267
144814
112047
79287
198900
144835
79301
144847
13778
13790
112103
112109
79345
79348
149759
112124
112131
112136
112142
112146
68111
112160
13859
35078
46640
35080
112190
177729
46676
112215
144992
35088
112229
145584
100626
95165
34289
112245
79479
46720
198937
177827
79528
149788
79531
14002
46772
198942
112331
198946
198948
46816
79588
35110
112363
112368
177907
79611
112380
198954
79631
112401
79638
112418
79652
73350
46890
133426
112431
79668
112443
46919
177992
112459
198968
46052
14175
14176
89744
35133
14196
79735
106134
14224
100677
112559
79794
14277
117068
79820
47054
79824
79842
112616
145387
47085
24232
79864
145402
112641
149847
79885
47124
112664
145433
145444
145448
112685
145457
112695
112705
145474
79944
29709
14417
199012
112741
145510
51764
145521
47230
112769
145542
145546
112780
47246
149869
145554
145556
47261
145566
14496
80043
145580
14509
14512
14520
80067
67959
80091
112868
149887
80125
160812
80161
80164
80169
112954
112957
112959
80195
178500
144439
145740
80216
145759
80233
80236
113012
51604
80266
145803
113042
80281
80286
178598
145837
14766
47544
80323
80324
80333
14804
47575
14808
47577
47578
113118
113129
113133
113135
149929
113145
47612
113154
145924
80389
178696
113161
47626
145934
178706
113179
178717
178720
178727
80424
178729
47661
178735
113202
166323
145975
178744
14905
178747
178749
178752
113217
178758
14920
199095
113229
178767
146001
14931
199097
113246
178786
146019
80484
14951
80491
113262
146039
80510
113279
113283
80517
113286
146055
146069
146075
47772
80544
146082
89883
151076
47793
47794
80564
146103
80569
113338
199114
113342
146114
146115
146116
47813
47816
199116
47821
146132
199118
80600
80602
80604
80606
113375
113376
80612
113381
113382
80619
113390
80624
113394
113395
15093
113399
113407
47878
113422
89901
80661
80666
146204
68060
47923
113460
80700
47946
84450
47950
80726
80728
80736
80755
113528
146306
113542
80775
48010
80780
68077
80786
48022
80792
35311
48028
113566
99801
113572
139078
80806
80818
80819
113588
80827
48065
80838
48073
80846
48086
113627
48096
48099
146408
80873
113648
80886
146426
48125
146439
48138
15375
93258
48159
68106
146498
48196
113741
113742
80977
146514
15449
80987
146530
48228
113769
48240
113779
48245
81015
35349
81027
15498
146572
81039
81040
81041
144579
113817
81057
146599
81066
113844
81083
100896
113860
48328
81099
81102
81104
15587
15592
199207
81133
146671
146675
113909
81152
146690
146695
48398
48400
113938
113939
146708
81173
81174
146714
199216
48420
113959
81192
81193
171911
146732
113968
146741
113976
199220
146749
35381
15681
114010
166458
114014
81251
81253
48491
81268
114043
81295
146835
15764
114069
81309
81313
24475
81323
81330
146868
81333
146890
146918
81383
81391
146931
15869
146946
15879
81416
114185
81421
81435
114207
114211
15910
114215
114220
114223
114225
15923
81466
114240
81473
114251
81485
81487
114257
15955
114268
81502
81505
48750
81520
81538
48772
81543
81548
114323
48795
147114
147119
81588
48826
147132
81597
81608
48842
81621
81622
81629
147171
114411
114412
48877
148930
147187
147188
48889
16126
87828
81694
114466
114470
81709
81711
81713
150153
16186
16187
16188
81725
81726
81727
81730
16197
81735
147277
16207
16208
81750
147289
81758
147295
114532
147304
147306
147312
81783
114555
114562
81796
114565
147334
114574
114577
114583
114585
147354
19098
49054
81825
114594
147363
49060
81830
49066
49071
147380
49081
147386
49088
114625
81858
114637
49102
49104
81879
49112
84644
114655
49124
81893
81896
81898
81910
49159
81929
147467
16398
68270
114720
147503
114737
114744
114748
114750
114752
81993
114768
49241
147553
82027
114800
114802
82038
114808
49278
177515
114821
147595
82061
114830
49295
49300
49302
82072
82091
16565
82102
49336
95605
16579
114890
84685
21284
82138
147676
16608
147698
82163
101079
147724
16658
82197
82199
101082
82208
147746
82212
82213
24625
114990
16689
147764
147766
147772
49484
49489
19171
16724
147805
115038
16739
82278
82286
16751
147827
19179
115077
82311
115097
147872
84720
16808
16814
16817
16822
16830
115136
82370
82373
16844
147920
16849
177571
172110
147929
16860
82398
147935
147943
82414
147951
82425
82426
147964
115199
68353
147977
57433
147994
147998
148008
16941
49712
16947
16950
16964
16966
16970
82507
16973
82515
16981
148058
82542
82553
82557
49791
115328
82562
115333
115334
115345
17044
82586
82587
17056
115361
82601
82609
49848
148157
82622
17089
82628
115401
115418
17122
115438
84776
115444
115445
115447
115450
82686
115473
115475
82725
82728
115504
84788
82748
115517
115518
148300
115542
82775
148312
115553
82794
82796
115568
82801
50037
82817
148354
155799
82829
144877
82847
115616
50086
166727
82866
115635
50114
50118
155809
82894
82899
148446
82914
82922
82924
82927
82934
82935
82936
82938
82939
82941
148478
148502
199514
82985
148522
17453
83002
115777
83024
83029
148571
50276
148583
50283
50286
50289
115832
50298
115839
148612
50310
115851
17554
50327
148633
83102
83109
148651
83121
83126
50359
83132
83133
148671
83136
83137
83138
83139
115910
83146
83148
83152
144931
50388
83159
148696
83162
115934
83178
50415
17648
50421
83191
115968
83208
83210
83211
83215
148753
148756
86788
50458
83228
148765
148768
148769
148770
50467
17701
83238
148787
50487
83257
116026
148799
83264
83272
148810
148812
50512
148822
116064
83298
83299
148836
116070
50536
148841
148842
83311
83312
148850
148852
83320
148860
148864
148867
148871
148872
50575
83355
116128
148899
148900
116134
83369
116142
148911
116144
134803
116153
83389
83392
17858
83399
148937
83406
83412
17878
148953
83420
83425
116194
83429
148966
83435
50668
148977
83443
83444
83455
83458
83462
83465
21287
83473
149015
83481
131533
149020
116261
50730
83501
50738
149053
83524
83529
116301
116312
149084
199610
116322
83566
18036
149119
83596
83607
83613
149151
18089
83629
83634
83641
83645
149182
83648
95862
149190
83662
83663
50899
50906
149220
149221
116455
199636
83706
83718
116487
83723
50956
149265
116504
50976
83750
83753
50986
83758
83765
149306
83771
51004
51006
83778
51011
51016
51023
51028
149335
199652
149338
83803
83804
51037
116584
149354
83819
83820
51061
35817
149369
83841
51077
83849
51085
83858
149402
83868
83870
83873
83878
83883
149420
83886
83897
149438
83905
83907
149445
83910
83916
51154
18390
83934
83938
83945
51190
149496
83962
51196
83969
83974
83975
83982
83989
149528
83994
84000
149539
116772
116773
84008
84010
84019
149559
84029
84032
116804
84037
84040
84042
116814
84050
84052
84054
84058
149596
84061
84063
84065
84068
84070
84075
84081
150547
116852
84088
51324
84094
84095
84098
149640
84107
84113
84117
51359
149667
84142
166941
128712
84152
84158
84168
51402
84172
116945
84185
116959
51428
18663
84203
84205
149746
51443
84215
149755
84223
149760
149762
149766
51467
149773
149774
149777
149778
149779
149781
149782
84247
117020
84253
51486
149791
149795
149796
84263
149801
149802
149805
84273
149812
84278
149815
18755
18756
128737
149832
84300
149840
84305
84311
84314
84317
84318
84319
149862
117098
84331
84332
84333
149880
51583
84358
149896
149903
117137
84372
149909
149914
149923
117157
51622
149928
84393
149938
84404
117177
149951
117188
51659
18893
149968
84437
18908
51678
41381
18912
149986
51686
149991
84461
18926
145149
18940
51713
84482
117252
84489
150033
84507
117276
51742
84512
150049
84514
150059
117300
117305
19017
84571
84579
19044
19047
84589
150127
84595
84596
84597
84603
84604
84608
84611
19076
84614
84617
117386
84621
150160
84629
84631
84634
84635
84637
51876
84647
84649
150186
19117
84654
51896
84669
51903
84679
84684
79650
150240
84707
51941
150246
84712
84715
117484
19181
84719
19184
19185
150259
84726
117498
84731
19584
8663
150294
150296
150304
117538
150312
84780
84784
117554
150324
84791
117561
84802
117572
150342
150344
117578
84812
150350
117587
85134
84823
150368
150369
84839
84840
84854
117625
117640
84874
117647
117650
19353
84890
145223
52381
84917
84920
117699
84938
84940
117709
52178
117716
117719
84953
117735
84969
117738
52203
84984
150525
117764
84997
52230
85001
85011
85022
52258
52260
85029
85032
85035
85039
52277
150599
150711
19536
85081
85084
85091
52326
117865
85098
19563
85104
52337
19571
52342
85112
52345
150650
85120
19585
19587
117893
52360
85133
117902
85137
19607
52376
150682
85148
19613
150689
85156
101574
117939
150709
117943
85179
52416
117954
85189
85198
167117
52432
85203
150741
52439
85208
85210
52447
183539
150772
85239
19709
85246
52483
150789
19724
85261
85266
150805
150806
118041
183578
183579
183581
183585
85286
19752
183596
85299
118068
183605
183608
183609
118076
85310
85315
118095
183634
183638
85337
85340
183655
118120
150891
52588
118126
186152
25150
150911
118146
150924
118160
52625
85397
118167
150936
118170
118173
52639
118178
150954
118189
85426
85235
150971
52669
118212
134390
52679
85452
19925
85463
19929
151005
85474
19939
151013
183785
118250
151022
85488
85489
85493
85496
96170
85502
85503
85505
52738
85512
183818
151052
85520
151058
57945
151064
151067
85533
151070
183844
151085
20018
151091
85557
151096
52797
85566
85571
85573
118344
85588
85592
151132
151135
183912
85609
85612
151150
118383
151153
183923
151157
151158
101652
20096
85633
151170
85635
52878
151184
85649
85651
85652
151194
85659
85660
151198
52899
52900
85670
151210
85675
85682
85685
85687
85695
85704
151245
151249
151250
85715
85719
20184
85722
183590
85741
151281
19222
52980
151301
85773
53016
151321
151323
53023
172678
53033
85805
151342
85808
53043
53044
151349
8841
183604
85824
85825
41611
85828
53075
118612
184150
101689
53082
85855
151404
151407
53105
85875
19774
151415
118652
151423
151428
53128
85900
151438
118672
52547
151444
85909
151446
151447
85912
118689
20389
85929
85931
20402
85948
151491
85956
20426
85964
151503
85975
85994
86011
86013
86014
86018
151562
151574
86039
53276
86046
151586
86051
151589
118822
151594
53292
53299
151610
53311
118852
101729
86093
151630
53327
53330
53334
151647
150887
86124
86127
184434
184439
151676
53374
184447
86144
151684
118918
150892
86157
118926
20625
118931
151700
86171
151709
20638
118948
86187
151726
151730
20659
118964
86204
118976
151747
118980
8908
86225
96292
119002
20699
151772
151780
86247
107218
151798
86266
53504
151811
86285
151822
107224
86298
184605
86311
20776
151852
151855
53563
184638
86341
86349
53583
86353
20818
184661
119130
53604
86376
20843
53612
151922
86390
86392
86394
151932
140010
151936
86415
86422
151967
86438
86442
86448
86453
119222
86466
152004
152013
53712
152021
152024
53730
152035
145489
152041
53738
119279
152059
152063
152064
86532
20998
152076
86547
53781
145497
53784
21023
86562
152102
152103
119344
86577
86583
152127
53824
152134
152136
86603
152140
152143
74510
86614
86616
119385
152154
152161
53859
53861
86631
74514
53871
152177
86644
86653
86659
152197
152214
53912
19908
53917
53922
152227
86701
119473
152246
152248
152249
53947
152259
152265
53966
86736
53969
152277
152278
53977
86752
21218
41767
21231
86768
152307
119541
54006
172843
21252
86795
86796
21266
63619
185108
86807
86809
86810
21275
152350
119584
119588
86823
86826
86828
86829
152366
86831
54064
152378
86843
152384
86850
86854
86855
86865
112782
86873
86877
86878
21348
134630
86889
152429
86894
54130
54132
86901
54134
54136
86912
86915
54149
185223
86924
86935
86938
134639
86940
119712
86945
152490
54188
152493
145565
54193
152499
86967
152519
54216
87001
87006
87007
87009
21476
21480
41810
21490
21497
54266
21500
87040
21509
21511
87048
185356
19970
21518
87055
152597
54296
87068
21533
152606
87072
21537
185378
21539
21540
36358
87087
183816
54333
87102
119877
87116
119888
152658
54355
54356
152661
119895
185432
41828
185439
87136
152674
185444
87145
152684
87150
87156
87157
152695
152697
21626
21627
152700
21631
87169
87170
87172
54405
21638
54410
152715
54415
87191
119961
54426
54427
54429
152739
119980
87214
185521
87226
119996
87237
185550
152785
161998
87256
54489
87263
69158
152809
54512
21752
120057
185597
87299
54533
185606
152840
152846
120079
21777
21783
87322
21792
87329
87333
120102
87335
21800
152873
185644
21805
87342
21809
87346
21812
21813
87350
156553
185658
21819
21820
54589
87359
87365
21834
152907
87374
152914
87379
185684
185685
54614
185687
54618
87388
87389
185694
185695
87392
87397
120167
87402
87404
87410
185715
151102
87415
185720
120186
120188
87421
87427
87428
21896
185740
120207
21905
54674
87444
87449
21918
152991
185765
87463
87464
185782
54715
54718
153024
54721
153026
185802
153037
185807
54736
87507
153044
120280
163310
54751
185824
185825
185827
153060
185832
22002
87544
20052
153082
22012
153094
185865
185867
153100
185878
185879
153115
87580
185921
153156
54853
185941
87638
22107
22119
185960
185961
87662
87663
54899
153205
153208
120454
185997
58307
20078
22176
22177
87722
54956
151155
54969
87750
54994
55020
22261
55030
186103
186113
55043
55050
186123
87822
55056
153364
186134
186139
186140
186141
87838
186143
186144
186146
186147
87844
153384
186156
153389
87854
186159
55093
186167
186168
153401
186173
186177
186179
186180
87877
103310
55117
22359
22362
22364
55147
120685
55155
87925
120696
87930
87932
87934
153474
55176
100039
87956
87959
186265
153504
55202
87972
22437
87978
87979
58354
55220
87998
186304
55233
153540
55241
186314
88014
153553
55254
151204
88032
88033
22498
88039
186349
88052
22521
120831
186376
153616
153637
55340
153646
22579
55348
120889
88131
55364
22597
55366
186441
151223
88141
153678
20393
22619
55392
54052
153706
153728
120968
88204
55448
120996
153770
88235
88253
22726
22729
22730
88269
22740
88295
55529
88300
186607
151251
88309
88330
121103
22801
153875
151258
88364
55599
55602
153929
55653
102119
22893
55664
153974
153979
88448
153992
88458
55693
154006
88476
88478
55715
186788
121253
154027
55727
88497
88498
151284
123978
154058
88525
55761
154066
88532
22999
88544
55785
88558
154100
91222
186887
88585
55839
55842
55867
55876
121418
121421
80312
121426
121435
88668
88671
121440
55905
88676
154219
23155
121460
154231
154234
88702
121471
121481
23182
23186
88740
55997
121555
88798
88816
88818
88821
154358
85801
88826
88845
56081
121635
154421
154427
154431
154438
151351
154445
121684
154453
154457
154462
154467
88938
154477
88944
154482
154493
154494
53056
154507
56205
121747
154518
88984
121756
154525
88996
154544
89009
56244
121785
89019
121790
121793
154567
154575
154581
56281
154590
154592
154598
57522
154600
154603
154607
154610
154612
121849
154619
56324
151382
154637
121873
56338
151386
121901
121914
89163
23666
23679
89223
154780
56500
154805
56504
56534
89303
113635
143730
113192
89332
89346
89352
162349
89363
89366
23831
122136
122158
122169
23869
89416
154954
122188
89426
89427
89430
89431
154970
23900
122214
89447
23918
122237
89472
113216
122246
89483
89488
56725
56726
23959
56731
89504
89506
122277
23975
155048
89513
148101
23986
155060
162377
56762
155069
89541
56775
167842
155086
56784
122321
44445
56798
155112
156925
69545
122361
56827
155135
56842
56854
89623
56857
24090
9478
122413
155183
56886
122425
56893
56899
69558
24140
56912
24149
155224
24162
89706
56944
89730
89731
155269
89741
155280
56987
89758
89762
89763
89764
89768
89775
89786
155334
89803
155350
85967
57072
122628
57107
89877
89878
58671
155425
155437
81555
155460
89926
89930
57163
57181
57188
24429
89969
57209
122762
57232
155538
155540
24473
57242
155547
155551
24481
90025
64157
90033
155571
24500
102388
146080
122832
155606
57306
90077
155627
90105
122878
90113
90121
90136
57374
57384
146098
155694
167944
24644
90187
57430
90201
90209
155746
122980
25958
122984
155757
90228
146110
57466
155772
155775
57473
155790
57495
24728
57502
90271
57505
90276
155814
91505
155823
123058
155832
155838
152922
155856
90333
90340
24806
90347
155884
123122
113364
57594
123133
123139
123142
123146
57616
57619
155924
123158
123169
57636
57637
90406
57642
57647
24884
155958
57659
57679
90449
90464
69691
174320
123263
156037
90505
57739
90510
123279
90538
90542
90544
90564
25031
90575
156117
90584
123353
90588
57823
123366
90606
90609
57859
90632
168023
157101
135257
123423
123430
90686
156249
57946
123487
91580
156297
90773
90774
123549
25260
58029
58042
25278
156358
75212
25291
25302
58076
25314
90856
156393
156395
156397
90867
90870
80681
90872
97066
90891
90892
90898
156436
90914
156459
90931
90933
90935
58171
156490
58205
156521
123757
58223
61951
58237
58238
91013
58247
91017
58259
25494
58263
58277
123818
58291
58305
91075
156612
58318
123856
123859
156631
58328
123879
91122
91124
91128
58372
156684
53422
58396
58402
156712
58418
123958
58426
58437
156746
58443
91219
58454
58459
156767
91233
91242
33590
86208
91278
124048
64368
91303
58539
91309
91323
97141
91335
156873
91357
64379
58599
156914
58617
58621
156928
58627
91404
91413
58651
25884
91429
91435
25903
25912
25914
25915
91452
156991
102624
25934
157008
157013
157016
91487
91494
157031
157036
58733
124270
58735
58737
157044
157045
113558
157065
124301
91545
157082
26014
157090
157095
15260
91565
124339
157111
157116
69877
91584
157122
157123
58820
91591
135415
157132
157154
157156
91621
157158
91624
124393
124394
58862
124401
157173
157179
157187
124420
157192
124439
157214
124459
108127
124494
124500
124507
58975
58976
91765
91775
91788
59021
91799
91801
59037
157345
59044
26292
157366
124611
124617
91853
91861
26334
124643
157415
59112
157423
91890
124661
91894
26367
91904
124676
91911
124684
91917
91928
91938
146395
26405
91942
26411
91949
124722
91955
59190
91971
91978
91987
59229
157536
26471
26474
124782
124786
59254
92023
157574
26503
92044
92051
59289
92059
92064
92066
124841
157614
157625
157629
26560
157636
157651
92128
157679
59377
26622
59395
124934
26633
59419
92199
26665
92205
92209
59452
26687
92225
26690
92230
92237
92239
59483
59487
157800
92271
92285
157825
26766
92305
26782
26784
59558
125100
59575
26808
92346
92348
92352
26835
92377
157915
59612
26845
157924
92392
53628
125168
59634
92420
92422
97324
92429
26894
92432
92436
59669
157974
92445
92448
59686
92462
125235
158019
59723
92493
92498
157411
59737
59749
26984
158058
59759
147263
26998
158072
59769
92544
59782
92551
59788
158109
158111
158113
158121
59820
92591
59831
92603
59837
158146
125384
92617
59853
92627
59868
92640
59875
53670
59878
59881
92651
92652
27120
92660
92661
27128
27135
92680
92684
125459
59926
59928
36912
59950
158269
92742
59975
158281
92748
59992
56554
92770
92780
92787
92791
92801
158364
125599
125616
125634
92878
158434
125671
31869
92920
158457
60160
59179
92945
158483
92951
125722
92961
158500
92965
60200
125741
158518
158520
158521
27467
158550
125789
125801
158578
125815
93054
60294
60297
93066
125836
60305
60312
93082
86511
125852
60323
125861
125864
125872
27572
125877
125887
93120
125889
93124
158661
158664
125898
125904
125908
158680
125921
27618
158691
60392
158699
158701
158703
60402
125939
93180
93182
125951
158720
158721
125963
158735
60432
93204
93205
125975
93209
158746
158751
93218
93219
93221
125994
124765
93235
158780
97461
93250
93255
126024
60490
27723
60494
60497
93271
158808
27739
60513
158818
158824
158825
158826
60542
158865
108398
60567
135707
93349
51118
27818
27821
27848
93392
126175
60646
60654
60656
158971
64725
142776
27918
60689
159026
27961
126266
126269
93515
27985
126291
93539
159079
159093
126327
60794
159099
60817
60822
141210
93604
28070
159151
93627
28094
81141
60880
102990
28119
60889
60896
28132
28133
93679
60912
60921
93703
60946
184921
159263
28199
93741
93744
60977
159288
93758
93761
60994
61004
126559
126561
126562
93799
61034
93804
61038
61045
93815
61052
61055
126592
126594
61060
61063
159369
28301
126607
93845
61084
93856
61090
93859
61094
126633
159405
93872
61107
61115
159420
61118
61124
159433
61130
93900
61135
126672
159441
61140
126687
61159
93932
61172
61176
28421
93958
159496
159499
159508
93973
28440
146736
28466
94018
28490
159566
81208
94035
94041
126810
94045
141286
94065
28546
126866
94101
59375
94124
126893
126897
126899
94133
94135
126904
61385
61396
94167
159707
94174
61409
61416
61420
61422
159730
28660
159734
61455
28690
126997
61464
94240
94273
159810
61511
127054
61528
61530
127074
94312
94320
127097
61568
61584
159889
61591
61597
61598
61608
61611
61616
94390
159928
94400
159937
159939
159940
130422
94413
159953
61652
159967
127204
159978
94454
159991
159993
159998
53973
28931
160006
160011
94484
94490
127264
94499
167571
127277
94518
160056
160059
94527
94530
160069
160075
160077
61776
94545
160082
160086
94551
127326
160098
160102
94575
160114
160115
61815
160121
94586
127364
127368
94611
94614
160153
160160
21232
94640
141384
160186
94654
61893
127432
94665
160205
160206
160213
94685
94686
160224
94692
160230
61927
127471
160244
160245
127479
160253
160254
160255
94722
94727
160270
94735
54020
61985
127523
94756
94759
94761
62005
94775
127546
62011
62032
127583
94826
94833
94840
94846
29333
21273
21274
160419
160435
62133
94906
160448
94913
160458
160460
160471
160472
94937
160491
94958
29441
94989
127758
62223
62225
70447
95005
62254
160561
62276
62277
62278
95059
127844
86848
62345
95120
160659
127893
62366
160674
160690
62392
95161
160701
29631
29633
29644
62422
29665
95208
62444
29685
29690
160766
160767
29704
157868
95245
29712
62481
62483
62485
62489
29722
29727
29729
95267
29734
29736
62508
29741
160815
62542
29775
160848
86885
29797
95342
160895
62594
160902
95370
86893
95378
54126
95388
62622
95403
128176
95411
62656
95429
95436
128209
62680
128217
62693
95469
62708
62724
62725
128266
161040
95512
95521
130610
62766
128303
81459
62774
161084
62782
95553
161090
95569
136078
161123
62828
62829
62837
62843
62868
62869
30102
62874
62876
21402
62881
95650
62885
62886
62888
95658
95668
161207
62904
95680
128452
62937
30177
161261
95730
95732
95741
65109
95764
63015
161322
161335
95802
63036
63038
95807
63040
63043
95815
63050
95821
63061
161367
63069
128610
63079
63088
161396
128630
63103
63106
92438
63110
30351
128661
63129
128666
128668
128678
95912
95925
63160
95937
128706
30405
95944
20279
95968
95969
161510
30439
128747
95983
162501
128761
128769
43307
96008
96009
96019
128804
63270
63274
163463
63283
96053
96056
96059
63292
96061
96064
96065
96069
96075
141624
96090
96095
63329
30563
96104
63337
96115
96119
63402
96173
161714
63411
63412
96181
30653
96190
96197
63430
128982
63447
161753
96218
161768
63468
129012
96247
30713
10581
63493
96264
10583
96268
30743
81583
129054
63524
70663
129070
96306
129077
161846
63543
63545
96318
161856
96328
63567
63571
21519
92517
63594
161902
161906
63604
161917
96387
161928
161934
63631
161937
161938
63640
96411
161948
161957
63655
96435
161977
96446
96451
161992
96458
96460
96462
96466
63704
96476
63709
96487
162039
91596
96549
96566
63811
63815
63819
96603
96604
96607
96623
129392
185406
63876
96646
63887
63891
96670
96672
31146
96683
63920
63924
96699
92577
31177
96716
96717
162258
63965
96758
92585
162311
64016
64025
64026
64041
96813
96815
64058
96831
96838
96841
162385
87140
129631
96864
96868
64102
64105
31338
31339
162413
64110
129648
64114
64121
64125
162440
64138
64139
96915
64155
96925
64160
96939
129708
96941
158152
64189
64192
96965
64202
87159
64204
64211
129759
64224
64228
97000
21628
64235
97032
19598
64277
31515
21637
114481
64298
31533
97071
129845
162616
129850
64322
162635
64338
76259
97109
152719
64348
162657
81723
64357
64362
129900
64366
97136
162675
162676
129909
64374
97147
64380
162693
64395
31632
162706
31636
31638
162711
162712
162715
129949
104522
97205
162751
97233
31711
64488
63251
97276
162840
162845
97317
64550
64556
64561
97342
97351
31837
31839
64610
130148
31856
162929
162941
97409
64644
31882
64662
162972
97438
162975
31905
97442
97449
70855
31925
31928
163008
147319
64716
31949
163026
97492
31957
31961
64730
163042
97508
64751
163072
64776
147330
32014
97551
92718
64797
64803
163111
64814
163121
64826
130369
64849
64856
64865
64866
64873
64886
64888
130433
163215
64913
130451
64925
87280
97701
163239
163255
97727
97730
163273
97752
163293
97769
97774
32243
65049
97828
65062
163367
97832
65068
97842
163385
65095
185614
65119
65121
163428
97916
163456
65157
97926
32391
32407
97945
97948
32426
97973
130745
97982
65218
97996
65239
65241
32474
163555
21799
98045
130814
130815
98052
130841
65320
163630
98103
65344
98116
65353
65355
65362
98139
21818
32608
130919
163692
152893
65393
163817
98193
65427
154937
120133
32675
163752
125596
32694
98233
163773
65480
163788
163793
185678
163799
98266
98281
163821
65527
65528
32763
98302
98303
